94
94
94
94
94
35
35
35
35
35
132
132
132
119
119
119
119
121
121
121
121
27
27
27
27
27
27
33
33
33
93
93
93
93
93
93
93
93
2
2
2
2
2
2
2
118
118
125
125
125
114
114
114
114
102
102
102
106
106
103
103
103
103
112
91
91
128
128
96
96
92
92
28
28
28
124
124
124
124
124
124
124
124
115
111
111
111
111
87
87
86
86
110
110
110
110
110
120
120
120
105
105
105
105
105
98
98
98
97
97
97
97
97
90
90
109
109
109
109
131
131
131
131
131
129
129
129
129
129
129
0
0
0
130
130
130
130
130
88
88
88
88
88
104
104
104
113
113
113
113
32
32
32
32
32
32
32
32
32
26
26
26
26
26
26
26
26
26
26
26
26
26
26
26
26
26
26
26
26
26
26
26
26
26
26
99
99
99
99
99
99
99
99
99
99
134
134
134
134
134
134
8
8
8
8
8
8
8
4
4
4
4
4
4
4
23
23
23
23
23
23
23
9
9
9
9
9
9
9
11
11
11
11
11
11
11
3
3
3
3
3
3
3
10
10
10
10
10
10
10
7
7
7
7
7
7
7
21
21
21
21
21
21
21
12
12
12
12
12
12
12
16
16
16
16
16
16
16
14
14
14
14
14
14
14
20
20
20
20
20
20
20
17
17
17
17
17
17
17
19
19
19
19
19
19
19
13
13
13
13
13
13
13
18
18
18
18
18
18
18
15
15
15
15
15
15
15
123
123
117
34
34
116
116
116
116
116
116
116
116
116
116
116
116
116
116
116
116
116
116
116
116
116
116
116
116
116
101
101
1
1
5
5
36
36
36
36
36
36
75
75
75
75
75
75
75
75
75
57
57
57
57
57
57
62
62
62
53
53
53
53
53
53
51
51
51
51
51
51
73
73
73
73
73
73
79
79
79
79
79
79
71
71
71
71
71
71
58
58
58
58
58
58
61
61
61
61
61
61
70
70
70
70
70
70
70
70
70
64
64
64
64
64
64
54
54
54
54
54
54
43
43
43
43
43
43
74
74
74
74
74
74
74
74
74
74
74
74
78
78
78
78
78
78
78
78
78
56
56
56
56
56
56
63
63
63
63
63
63
82
82
82
82
82
82
6
6
6
81
81
81
25
25
25
25
25
25
25
25
25
25
25
25
25
25
25
46
46
46
80
80
80
66
66
66
77
77
77
77
77
77
77
77
77
83
83
83
83
83
83
83
83
83
83
83
83
83
83
83
76
76
76
76
76
76
55
55
55
41
41
41
59
59
59
59
59
59
59
59
59
59
24
24
24
24
24
24
24
24
24
50
50
60
60
60
60
68
68
68
68
48
48
48
48
22
22
22
22
22
44
44
45
45
72
72
72
72
42
42
42
42
52
52
52
52
84
84
84
84
65
65
65
65
65
65
67
67
39
39
37
37
40
40
38
38
69
69
49
49
47
47
31
31
31
31
31
122
85
85
85
85
95
95
95
95
95
95
95
133
133
133
133
133
133
133
108
89
89
89
89
89
89
89
89
89
89
100
100
127
127
127
127
126
126
126
107
107
30
30
30
30
30
29
