94
94
94
94
94
38
38
38
38
38
132
132
132
119
119
119
119
121
121
121
121
31
31
31
31
31
36
36
36
93
93
93
93
93
93
93
93
5
5
5
5
5
5
5
118
118
125
125
125
114
114
114
114
102
102
102
106
106
103
103
103
103
112
91
91
128
128
96
96
92
92
32
32
32
124
124
124
124
124
124
124
115
111
111
111
111
87
87
86
86
110
110
110
110
110
120
120
120
105
105
105
105
105
98
98
98
97
97
97
97
97
90
90
109
109
109
109
131
131
131
131
131
129
129
129
129
129
129
0
0
0
130
130
130
130
130
88
88
88
88
88
104
104
104
113
113
113
113
35
35
35
35
35
35
35
35
35
30
30
30
30
30
30
30
30
30
30
30
30
30
30
30
30
30
30
30
30
30
30
30
30
30
99
99
99
99
99
99
99
99
99
99
134
134
134
134
134
134
11
11
11
11
11
11
11
7
7
7
7
7
7
7
26
26
26
26
26
26
26
12
12
12
12
12
12
12
14
14
14
14
14
14
14
6
6
6
6
6
6
6
13
13
13
13
13
13
13
10
10
10
10
10
10
10
24
24
24
24
24
24
24
15
15
15
15
15
15
15
19
19
19
19
19
19
19
17
17
17
17
17
17
17
23
23
23
23
23
23
23
20
20
20
20
20
20
20
22
22
22
22
22
22
22
16
16
16
16
16
16
16
21
21
21
21
21
21
21
18
18
18
18
18
18
18
123
123
117
37
37
116
116
116
116
116
116
116
116
116
116
116
116
116
116
116
116
116
116
116
116
116
116
116
116
101
101
4
4
8
8
39
39
39
39
39
39
75
75
75
75
75
75
75
75
75
60
60
60
60
60
60
65
65
65
56
56
56
56
56
56
54
54
54
54
54
54
73
73
73
73
73
73
79
79
79
79
79
79
2
2
2
2
2
2
61
61
61
61
61
61
64
64
64
64
64
64
1
1
1
1
1
1
1
1
1
68
68
68
68
68
68
57
57
57
57
57
57
46
46
46
46
46
46
74
74
74
74
74
74
74
74
74
74
74
74
78
78
78
78
78
78
78
78
78
59
59
59
59
59
59
67
67
67
67
67
67
82
82
82
82
82
82
9
9
9
81
81
81
28
28
28
28
28
28
28
28
28
28
28
28
28
28
28
49
49
49
80
80
80
69
69
69
77
77
77
77
77
77
77
77
77
83
83
83
83
83
83
83
83
83
83
83
83
83
83
83
76
76
76
76
76
76
58
58
58
44
44
44
62
62
62
62
62
62
62
62
62
62
27
27
27
27
27
27
27
27
27
53
53
63
63
63
63
71
71
71
71
51
51
51
51
25
25
25
25
25
47
47
48
48
3
3
3
3
45
45
45
45
55
55
55
55
84
84
84
84
66
66
66
66
66
66
70
70
42
42
40
40
43
43
41
41
72
72
52
52
50
50
29
29
29
29
29
122
85
85
85
85
95
95
95
95
95
95
95
133
133
133
133
133
133
108
89
89
89
89
89
100
100
127
127
127
127
126
126
126
107
107
34
34
34
34
34
33
